

TASK 7 IS :
1
12
123
1234
12345
123456
1234567

TASK 8 IS :
1234567
123456
12345
1234
123
12
1

TASK 9 IS :
1
12
1 3
1  4
1   5
1    6
1234567

TASK 10 IS :
      1 
     2 3 2 
    3 4 5 4 3 
   4 5 6 7 6 5 4 
  5 6 7 8 9 8 7 6 5 
 6 7 8 9 10 11 10 9 8 7 6 
7 8 9 10 11 12 13 12 11 10 9 8 7 

TASK 9 IS :
1
12
1 3
1  4
1   5
1    6
1234567

TASK 11 IS :
       
      1 
     1 2 
    1  3 
   1   4 
  1    5 
 1     6 
1 2 3 4 5 6 7 

TASK 12 IS :
1234567
234567
34567
4567
567
67
7

TASK 7 IS :
1
12
123
1234
12345
123456
1234567

TASK 8 IS :
1234567
123456
12345
1234
123
12
1

TASK 9 IS :
1
12
1 3
1  4
1   5
1    6
1234567

TASK 10 IS :
      1 
     2 3 2 
    3 4 5 4 3 
   4 5 6 7 6 5 4 
  5 6 7 8 9 8 7 6 5 
 6 7 8 9 10 11 10 9 8 7 6 
7 8 9 10 11 12 13 12 11 10 9 8 7 

TASK 11 IS :
       
       1 
       1 2 
       1  3 
       1   4 
       1    5 
       1     6 
       1 2 3 4 5 6 7 

TASK 12 IS :
1234567
234567
34567
4567
567
67
7

